1000
0.50784245
-0.65260862
1.77521357
1.64574310
-0.79491516
1.51872208
1.58668111
0.91368657
-0.16684339
-1.36673817
-0.87317927
-0.35193151
0.26925674
0.38488673
-0.75858099
-0.14548799
-0.76555721
-0.01146429
0.71670164
2.06296601
-0.98190028
-0.38555120
0.08864301
0.33004424
0.09154808
-0.18785735
-1.75682226
-0.86703090
1.21045108
-1.70363911
0.73217075
0.48063800
-0.10876343
-0.69452628
-0.31717348
0.03384630
-0.06251897
-0.34749051
0.83860668
1.73745008
-1.53829484
-0.34895193
-0.77224787
1.50649317
0.44458955
1.55759961
0.98534204
-0.18509340
-0.87026757
-0.31380330
-0.27861911
2.24162697
1.68936803
1.32640658
-0.10217658
0.90935957
1.02984454
0.12642361
1.04789593
-1.01970643
0.69737961
0.58104330
0.18145567
-0.64604949
1.66637531
0.31774603
-0.88279129
0.98107764
0.95706319
1.52141132
1.41020504
0.01028456
-0.38535944
-0.20054808
1.11067444
0.38613682
0.13672353
-0.11694618
0.35123330
1.20709256
1.52120475
-0.15463163
0.88435004
0.44089148
-1.16104694
0.00660274
1.19520692
-0.08601678
0.13265392
-0.70736468
-0.74579661
1.29237113
-0.07133111
1.74818175
1.05489887
2.25320952
-0.87052209
0.37458651
0.30389803
1.68386073
0.28909826
-0.61623648
-0.12396916
-1.49979753
-0.49880900
0.49344631
1.13609597
1.06463549
-0.32576571
0.44205605
-0.20085854
-0.41384309
1.88551983
-2.07575369
-0.14821275
-1.06156829
-0.71547067
1.21137609
-1.70842655
-0.62051428
2.25629869
-0.64557217
-0.56420824
0.56506729
0.25695532
-0.17191844
0.02999355
-0.66812018
-0.02564716
-1.65693741
1.16735355
-0.02239159
-0.05313145
1.60212575
-0.13194948
-0.07065807
-0.08865291
-0.43605761
0.85864387
-0.01525009
1.78258310
-0.90892063
0.43231638
0.96478304
1.23884710
-0.59006567
-0.27701522
-1.09445906
-0.25119591
0.29225784
-0.94564032
0.04228617
0.05139047
0.75123412
-0.29416435
0.31499233
-0.94747380
-0.02630765
0.71322072
-1.40426610
-0.62043680
0.62454695
0.91974417
0.49169731
0.06071678
1.05837428
1.33051781
-0.82391856
-0.68950820
1.12894114
-0.74069321
-1.11348562
1.14512728
-1.07442193
-1.20572143
-1.02033349
1.98102208
0.69044783
-1.37803679
-3.13682581
0.16994779
0.81033610
0.40344046
0.20963440
-0.46643493
0.99385848
1.16844336
-0.83374054
-2.26206991
-0.87235210
1.22425521
0.52407854
-1.65608799
0.37385992
-0.23459611
-0.65151180
1.22785278
-0.14174837
0.37422704
0.20082450
-1.91117059
0.23443830
-1.73505996
-0.55510663
0.58647061
-2.14428237
0.00201983
0.06679032
-0.17016175
-1.05083718
0.37519765
-0.52124118
-0.06166743
-0.23897579
0.02081887
-1.51158560
0.49472816
0.10766945
1.26575743
0.23484111
-0.54914615
-0.23669118
1.13604717
-1.38939322
-1.04769070
0.72772553
-0.56570800
0.29524425
-0.56235125
0.28138116
-0.29619955
-0.57340913
-0.58854800
-0.24710359
0.98362087
-0.30346324
-0.22454556
-0.49387507
0.60886517
0.13194418
-0.57895777
-0.49905891
1.17277250
-0.57178690
0.66359566
1.11806090
0.88951039
0.91884931
-0.79356115
-0.59126244
-1.13330709
1.25892133
0.04319742
-0.26831626
1.50907609
0.87512681
1.82898129
-0.65909563
-1.28492549
-1.86854685
-0.02515553
-0.45396706
-0.75236295
-0.03688246
-0.23597088
0.36928171
0.99149957
-0.51389737
-1.51069985
-0.36989505
-0.98763810
0.79593241
0.08625046
0.67325730
-1.61695504
0.45529867
1.14244224
0.98708196
0.80838983
0.30931300
0.38676506
0.57212706
-0.45648852
-1.19106721
-0.53135644
1.19217061
-1.51477755
0.03109020
0.89506358
-0.08925578
-0.16154872
0.50555323
-0.84999878
-2.64192235
-1.52965940
1.12322284
0.94188214
0.99636955
-0.61885132
-0.85523764
0.72588292
-0.55408350
-0.52586385
0.08995670
0.44480497
0.06984651
-0.70365193
-0.19328386
1.10784116
-0.62811752
-1.03690644
0.16549428
-0.88662560
0.00760555
-1.28926116
1.80503685
0.03039079
-0.51852893
0.49947418
0.98444197
1.10743247
1.02351233
0.07590787
0.82010175
-0.66793165
-1.24611851
-1.24386055
-2.18482963
0.84401861
-3.35750775
0.59376837
1.37377719
-0.81707327
-0.52800098
-1.75806595
-0.69120093
-0.12528356
1.49884874
0.70455068
-0.49334569
1.07249251
-0.82736972
-0.49474852
-1.32131109
-2.00459712
-0.63100375
0.73931023
-1.34970385
-0.43472760
0.80852300
-0.99200457
1.15703300
0.64511102
0.45720000
-0.27494412
0.83659559
1.81153960
-1.63732465
1.31936137
-0.15568930
-0.71032657
0.37499858
-0.29382689
-0.01713304
-0.80191482
0.02355404
-1.28116294
-0.27800286
0.17949972
-1.27131012
0.09438778
-1.05354634
-0.53062390
1.47221043
-1.05431733
-2.03001712
1.25654091
0.85808837
0.64910140
-1.12599392
1.09167660
0.10410090
-0.71454202
-0.57537007
0.43241270
-1.40248103
1.50726505
1.77541163
0.78232523
-0.38190771
-0.38258636
-0.18509890
-0.50357681
0.41392408
1.41498832
1.21920953
0.38881376
0.91207150
-0.35281404
0.18594229
-0.22122404
-1.60411165
0.33812798
-1.01123263
-0.83778374
0.85695214
-0.25413263
1.22248118
-1.12313979
-1.13539202
-2.04463827
-1.34684692
1.12176159
0.62323245
0.94325738
0.32070911
0.83477669
0.99373803
-0.84078839
1.06531670
-1.50939520
0.00396435
-0.47693195
2.00896521
-0.56369554
0.71671739
0.37705129
-0.60385672
0.32475966
-0.47189676
0.13867275
1.98280089
-0.84061887
-0.19184040
0.25913204
1.35074853
-0.97538540
-1.02229072
0.22572075
-0.48875073
-1.73897048
0.24781478
0.13428503
0.45729061
0.87148518
0.14605625
-0.53499164
-0.55476364
0.16220512
-0.17905935
-0.93801558
0.65989410
0.46450193
0.07067195
0.52520096
0.40373516
-1.69536838
-1.33760796
0.63034129
-1.22748171
0.11229353
-0.23011406
-0.01654296
1.12290173
-1.56489066
-1.03570801
-0.64690838
0.00011281
-0.15086608
-0.62579866
2.45610707
0.60121275
-2.14197065
1.47975929
0.31568387
0.14511935
-1.04134290
0.26469949
0.13647922
1.74210372
1.74499067
-0.52607445
1.08524040
0.70867675
-1.40675864
0.69243737
-0.83636579
-1.23115387
2.21902063
0.25169116
0.56779872
0.67731591
0.87893643
1.95116786
-0.86141443
-0.53409409
0.04617645
0.64189529
-0.00166703
1.45000366
0.77817738
-2.32059363
0.47273683
0.35609521
2.61342533
0.14200929
0.70025322
0.20386248
-0.19344410
0.93984930
0.87952914
-0.40219448
1.18175943
-1.65346825
1.37251353
-0.76931995
-0.13517939
1.20384116
0.36667709
0.68357143
-1.11854953
-1.89933858
-0.78646944
-0.15163710
-0.08080651
1.16078611
-0.42987813
-1.02526007
-1.53035426
0.39197395
0.81008691
-1.58852555
-0.60587501
-0.60007605
-0.41307555
0.21639609
1.05077264
-0.66232978
-0.30622581
-0.05626925
1.17858805
0.26878524
0.16817546
2.19554002
-1.05063073
-0.39887094
-0.09133578
1.26933773
-1.00712007
0.27690486
0.44249808
1.10974738
-0.31197887
-0.26278871
-0.32087425
0.53259893
0.69843946
1.05994114
1.44695277
0.75490132
1.02558742
-0.11719018
-1.21120577
0.16167275
-0.79409716
0.79819847
-0.96679469
-0.30189565
0.11974145
-0.12494895
0.76246510
-0.95749978
-0.94582423
-0.08415180
-1.84154701
0.16080051
1.63060573
0.11903552
0.91253993
0.51639491
-1.35454220
1.66492377
-0.31848122
-0.24668171
-0.36098775
-0.47583133
-1.60701971
-0.22465071
-0.36915216
-0.58955049
-1.79681613
0.76524920
-1.37133788
1.24848728
0.11808147
-0.08037478
-0.52303966
-2.75185901
1.38209484
-1.42103302
-0.99561713
0.06876500
0.91988144
-0.32487392
1.90826257
2.08205439
-0.67301465
0.94198357
-1.16466490
-1.36112265
-0.52614742
-0.73998690
-0.69663394
-1.14538309
1.78468643
0.75527437
2.06194369
-0.50251143
-0.27655363
-0.62786870
-0.79932488
-0.73623503
-1.76476342
1.38340412
-1.21800002
-0.57888663
0.60066028
0.70660303
1.81824109
1.02603409
0.72397519
-0.42665935
-0.82690896
0.61409526
-0.17147728
-0.55081307
-1.23635896
0.21802283
-0.95326737
-0.30147531
0.93749959
0.06584082
0.33992036
-0.16578483
-0.38561937
-0.63336542
-0.59055460
0.07757665
0.38481236
0.23057783
1.11108325
-0.57444148
1.08510514
1.15958859
-0.21906508
0.94767689
-0.45316109
0.34342291
0.27883749
1.44772987
0.83886612
-0.88157924
-0.65594856
1.28088737
-0.83311486
-0.20463909
-1.00036776
-0.21589632
-0.22247179
0.79181064
0.31524623
2.63939481
-0.87959014
-1.12644972
-0.94297105
0.24378846
-0.49298233
0.73116722
-0.28315090
1.62524651
0.18537724
-0.07646926
0.11777878
0.50881962
-0.60499393
-0.78751848
0.40244374
-0.37119434
-0.81807738
1.28618810
0.47863620
-1.19358720
-0.58379256
0.64871288
2.52628762
1.12439496
-0.60632349
0.13939285
-0.78061255
-1.28133781
0.02641428
-0.29473489
0.40826105
-0.04542466
-1.03929983
-1.14343336
0.01993361
0.89886793
1.09196265
-0.44779909
0.42992919
-1.62535207
0.86351681
-0.78183878
-3.14764543
1.72734829
0.97468160
0.16667701
-0.65456842
-1.07685915
0.44362320
0.07301679
1.25330691
-0.60838694
-0.18369527
-0.71628814
-1.60099343
0.18651392
0.26389796
-0.06405664
-1.28195641
0.72199377
0.19145301
-1.16336185
-1.78253393
-0.44039716
-0.12967580
0.57606659
0.33620499
0.18106428
-0.28435308
-2.06085288
0.76840702
0.92320887
-0.90391629
-0.02681428
-0.36693261
-1.96564916
-1.80789758
0.97162476
0.11865309
1.27555574
-0.00481061
-0.12923216
0.82080072
1.05094663
0.92158256
-0.72720586
0.54066096
-1.27044958
1.35599086
1.82837147
-0.74927385
-0.64983105
1.98014504
-0.24977961
0.33254303
-0.75961547
0.21270649
-1.50112231
0.49525449
1.50148536
1.32002157
0.56484855
-1.07730380
0.06722154
0.19608970
0.56927197
2.32847523
2.64313376
1.27154213
0.66800228
-1.27429072
0.12501510
1.18101336
-0.44353261
-0.82076895
1.09344682
-0.36133525
-1.96759711
-0.36895461
1.51386279
-0.10997423
-0.20757744
-0.49398242
1.64686294
1.03272287
0.83179935
0.67393715
-0.70516000
0.68781829
-1.58794918
1.78237023
1.18259381
-0.50849449
0.27844509
0.09380884
-1.48850458
-0.04186866
-0.12603111
-0.60022564
-0.27854759
0.82731678
-0.03194273
0.13187494
1.37059410
0.48805058
0.34412091
-0.18022338
0.58137163
-0.17365558
-1.14008861
0.64656388
-0.65781073
0.77340037
0.72432017
0.27136691
-0.19137115
-0.68434217
0.03424959
0.02874875
0.51615344
-0.96743317
1.91011342
-0.20265389
0.01047127
-0.03958428
-0.44410543
0.96354603
0.68226674
-1.29207244
0.40177850
-0.24386296
0.57625313
0.05566959
0.71047897
0.08783639
0.47681484
-0.12519818
0.07061503
-1.79337701
-1.26088347
1.21862970
0.61983479
0.46709973
0.83600036
1.33090663
-1.38078183
0.19197203
-0.28000078
-0.05365587
-1.33455903
2.44598469
0.63538636
0.11898902
-0.11838140
1.49619495
0.32073680
-1.06118384
0.72396136
0.51536099
0.12828892
-0.78665834
1.12623333
0.27634908
-0.72073190
-1.40061011
-1.51681547
-1.06898091
0.10598637
2.52160150
-1.54032491
0.70131014
1.32485777
2.02415649
0.06417848
-0.03916775
0.41430924
-0.89795633
0.46164545
1.89100889
-1.35084880
-0.98690955
-0.11827644
0.46658737
-1.79119296
-0.26081740
1.74124485
-0.73037602
0.30273492
-1.50686148
-0.10019617
-0.59955217
-1.12655418
-0.40052313
-0.31069050
1.84107171
0.29018128
-0.78141619
-0.62458390
1.35730170
0.97352805
0.06663564
1.52145243
-0.84628011
-1.09002481
1.33437779
0.53921215
0.36637915
-1.27682388
0.52070682
-0.73621022
0.96935494
-0.36110616
0.78521887
-0.63041452
-0.94138481
1.40971063
1.13414328
0.54736791
0.69014909
-0.19875668
0.18118019
0.02510938
-0.15337939
-0.61461826
1.80362370
1.05753898
0.59472332
1.55740651
1.76513087
1.02972963
0.93241341
0.64817859
-0.71838102
1.23507918
0.49615847
0.75123128
-0.22728620
-0.82195613
1.29267151
0.61280457
1.12927096
-0.95602152
0.48611574
-2.69020667
-0.20671456
0.41039788
-0.63237327
-1.61562493
0.49799701
-0.22226717
1.49343908
0.54420798
0.99527613
-1.84616317
0.87972416
0.32546796
-0.37821416
2.21361399
1.57999528
-0.63384252
-0.56009659
-1.42187344
2.13260950
0.88097530
-0.90301746
1.11834343
1.08415052
0.00931890
-0.38299441
-0.26066585
-0.25110282
0.63784546
1.18353955
0.30219984
-1.05822105
-1.39919133
0.86888394
0.14121852
-2.49651422
-1.09189876
-0.39659189
-0.66921788
-0.71534758
-0.32535169
-0.95300291
-1.67261322
-0.01755882
-0.75133799
